%YAML:1.0
---
LEFT_K: !!opencv-matrix
   rows: 3
   cols: 3
   dt: d
   data: [ 5.7823230537150835e+02, 0., 5.0199186854272079e+02, 0.,
       5.7969682129956482e+02, 2.8116157965434456e+02, 0., 0., 1. ]
LEFT_D: !!opencv-matrix
   rows: 1
   cols: 5
   dt: d
   data: [ 6.1202508731162293e-02, -8.2686227877016336e-02,
       -4.5746939170732259e-03, 1.2462643442218277e-02,
       7.1893965040134315e-03 ]
RIGHT_K: !!opencv-matrix
   rows: 3
   cols: 3
   dt: d
   data: [ 5.7544920177057179e+02, 0., 4.9511925413163630e+02, 0.,
       5.6890109657699008e+02, 2.6598184706636783e+02, 0., 0., 1. ]
RIGHT_D: !!opencv-matrix
   rows: 1
   cols: 5
   dt: d
   data: [ 1.0103774119859935e-01, -1.8925973236180732e-01,
       -8.7695829487004790e-03, 7.7297688993269260e-03,
       1.4521609442393918e-01 ]
R: !!opencv-matrix
   rows: 3
   cols: 3
   dt: d
   data: [ 9.9998332241656995e-01, 5.7071580785206695e-03,
       8.8500586726208605e-04, -5.7277730673878872e-03,
       9.9966180709507912e-01, 2.5366593210149231e-02,
       -7.3993540719309039e-04, -2.5371239269445615e-02,
       9.9967782445822295e-01 ]
T: !!opencv-matrix
   rows: 3
   cols: 1
   dt: d
   data: [ -1.2744805781104082e-01, 4.4574371118244619e-03,
       -1.2761889136103332e-03 ]
E: !!opencv-matrix
   rows: 3
   cols: 3
   dt: d
   data: [ -1.0607936032651699e-05, 1.1626666120818064e-03,
       4.4883735996388780e-03, -1.3704709604156350e-03,
       -3.2407985810180835e-03, 1.2740586772929083e-01,
       -3.7273692195241713e-03, -1.2743039508036541e-01,
       -3.2368678959131710e-03 ]
F: !!opencv-matrix
   rows: 3
   cols: 3
   dt: d
   data: [ 1.3077063511583646e-08, -1.4296705614464593e-06,
       -2.8040119938627949e-03, 1.7089108193079740e-06,
       4.0309093784617555e-06, -9.3854348356090453e-02,
       2.1831522247645657e-03, 8.9805444057109093e-02,
       9.9999999999999989e-01 ]
