%YAML:1.0
---
LEFT_K: !!opencv-matrix
   rows: 3
   cols: 3
   dt: d
   data: [ 5.7823230229757587e+02, 0., 5.0199187249090062e+02, 0.,
       5.7969681873819172e+02, 2.8116158163275918e+02, 0., 0., 1. ]
LEFT_D: !!opencv-matrix
   rows: 1
   cols: 5
   dt: d
   data: [ 6.1202470918594168e-02, -8.2686096365790704e-02,
       -4.5746910026561952e-03, 1.2462648421976599e-02,
       7.1891756926251386e-03 ]
RIGHT_K: !!opencv-matrix
   rows: 3
   cols: 3
   dt: d
   data: [ 5.7544919858935555e+02, 0., 4.9511925027469090e+02, 0.,
       5.6890109390606301e+02, 2.6598184927408857e+02, 0., 0., 1. ]
RIGHT_D: !!opencv-matrix
   rows: 1
   cols: 5
   dt: d
   data: [ 1.0103779987639992e-01, -1.8925992144705206e-01,
       -8.7695814620831394e-03, 7.7297679299590354e-03,
       1.4521628056696578e-01 ]
R: !!opencv-matrix
   rows: 3
   cols: 3
   dt: d
   data: [ 9.9998332241274823e-01, 5.7071568712914180e-03,
       8.8501797045058381e-04, -5.7277721675184383e-03,
       9.9966180710371266e-01, 2.5366593073108089e-02,
       -7.3994753770146020e-04, -2.5371239200837732e-02,
       9.9967782445098552e-01 ]
T: !!opencv-matrix
   rows: 3
   cols: 1
   dt: d
   data: [ -1.2744805712415083e-01, 4.4574370213352711e-03,
       -1.2761864330744948e-03 ]
E: !!opencv-matrix
   rows: 3
   cols: 3
   dt: d
   data: [ -1.0607974680325087e-05, 1.1626641349975239e-03,
       4.4883734460489473e-03, -1.3704700254177581e-03,
       -3.2407985391494322e-03, 1.2740586702844911e-01,
       -3.7273692476404172e-03, -1.2743039438891046e-01,
       -3.2368679148926018e-03 ]
F: !!opencv-matrix
   rows: 3
   cols: 3
   dt: d
   data: [ 1.3077108150416710e-08, -1.4296671857451778e-06,
       -2.8040121010319860e-03, 1.7089092593524566e-06,
       4.0309083932774423e-06, -9.3854325134273039e-02,
       2.1831520116720039e-03, 8.9805420847520495e-02, 1. ]
