%YAML:1.0
---
cameraMatrix: !!opencv-matrix
   rows: 3
   cols: 3
   dt: d
   data: [ 1.0722736342984963e+03, 0., 6.4379228064435847e+02, 0.,
       1.0716563689765983e+03, 3.5301556975218995e+02, 0., 0., 1. ]
distCoeffs: !!opencv-matrix
   rows: 1
   cols: 5
   dt: d
   data: [ -1.0800603337212488e-02, -9.1317450951691387e-02,
       -3.0522919760856762e-03, 9.6238120526582842e-04,
       7.4724788484005988e-02 ]
