%YAML:1.0
---
camera_matrix: !!opencv-matrix
   rows: 3
   cols: 3
   dt: d
   data: [ 1.1299025492766400e+03, 0., 9.6863113274356681e+02, 0.,
       1.1316846268124896e+03, 5.3930003850676746e+02, 0., 0., 1. ]
distortion_coefficients: !!opencv-matrix
   rows: 1
   cols: 5
   dt: d
   data: [ -4.7429937962714643e-02, 1.9821733422147512e-03,
       1.6362984270269824e-03, 1.0411016746660173e-03,
       1.1069206760447660e-01 ]
image_width: 1920
image_height: 1080
